{"003_cracker_box": [[[0.9962582620896955, -0.04098196890342462, 0.07609174359165706, -0.0143652401], [-0.07756141798341411, -0.8123608750360131, 0.5779740782691946, -0.0966092401], [0.038127439704520844, -0.5817132342791606, -0.8124998531729444, 0.1655427599], [0.0, 0.0, 0.0, 1.0]], [[0.9957368894248267, 0.0492846931867702, 0.07796836573929332, -0.0143652401], [0.07607134247705558, -0.9168258540190098, -0.3919738565976713, 0.0633907599], [0.05216510224574281, 0.3962339869569485, -0.9166664767994366, 0.1805427599], [0.0, 0.0, 0.0, 1.0]], [[0.9756828298310234, 0.03505711601348821, -0.2163654644108968, 0.0256347599], [-0.18248676842166914, 0.676724757198817, -0.7132616506901365, 0.1483907599], [0.12141496993345721, 0.7354009801536975, 0.666666185931939, -0.0594572401], [0.0, 0.0, 0.0, 1.0]], [[0.9935828918075844, -0.06521635141346013, -0.09241138791076585, 0.0056347599], [0.10881845676751117, 0.328344503090273, 0.9382688478027708, -0.1716092401], [-0.030847699655164953, -0.9423039397130406, 0.33333422360637827, -0.0194572401], [0.0, 0.0, 0.0, 1.0]], [[0.9962582745254436, 0.04098177886636171, -0.07609168312328518, 0.0106347599], [0.07756122817422392, -0.8123608863261675, 0.5779740878719994, -0.0666092401], [-0.03812750088442443, -0.5817132319006613, -0.8124998520049072, 0.1655427599], [0.0, 0.0, 0.0, 1.0]], [[0.9957368991609021, 0.049284509688832266, -0.07796835739043735, 0.0106347599], [-0.07607117829067982, 0.916825806845487, -0.39197399880041733, 0.0733907599], [0.052165155831255514, 0.3962341189333061, 0.9166664167025252, -0.1844572401], [0.0, 0.0, 0.0, 1.0]], [[0.9872487661790077, 0.015188877355645572, 0.15845873810775524, -0.0193652401], [-0.11874413653845016, -0.5926944390403127, 0.7966260929497772, -0.1466092401], [0.10601746891793311, -0.8052841734042487, -0.5833332635371232, 0.1105427599], [0.0, 0.0, 0.0, 1.0]], [[0.9362780362400523, -0.20361525357446128, -0.2862241558049895, 0.0256347599], [-0.31238722334248065, -0.1100741715886437, -0.9435559863841937, 0.1633907599], [0.16061650459042548, 0.9728435152998048, -0.16666683291006698, 0.0505427599], [0.0, 0.0, 0.0, 1.0]], [[-0.9796328935852354, 0.0715898223448007, 0.18760141561955213, -0.0243652401], [0.05785342810023304, 0.9952962321349527, -0.07770708561654811, 0.0383907599], [-0.19228201856354438, -0.0652710321245669, -0.9791666445005792, 0.1805427599], [0.0, 0.0, 0.0, 1.0]], [[0.9595940015851576, 0.06539912929162617, -0.27368285662365077, 0.0306347599], [-0.27969223450115294, 0.32830701573457466, -0.9022121465482551, 0.1533907599], [0.030848113095239396, 0.9423043336987023, 0.3333330715832265, -0.0244572401], [0.0, 0.0, 0.0, 1.0]], [[0.9978589229294846, 0.06540313394628106, 1.16476983842706e-07, -0.0093652401], [-0.03815175204034772, 0.5820846572357474, -0.8122326610196084, 0.1583907599], [-0.053122629323674966, 0.8104936038493746, 0.5833336132720214, -0.0494572401], [0.0, 0.0, 0.0, 1.0]], [[0.9967975523323619, -0.032514905056005614, -0.07305765266836267, 0.0006347599], [-0.032515063165294386, 0.6698699552842915, -0.7417661448696471, 0.1533907599], [0.0730575823003273, 0.7417661518002963, 0.6666675076166609, -0.0694572401], [0.0, 0.0, 0.0, 1.0]], [[0.974524475816277, 0.011090616346521913, -0.2240067951292212, 0.0256347599], [0.11119974553937095, -0.8912641850686027, 0.43963936243923657, -0.0866092401], [-0.19477336221103173, -0.45334881784675857, -0.8697920364834093, 0.1705427599], [0.0, 0.0, 0.0, 1.0]], [[-0.9534511060274246, 0.07423619800649886, -0.2922669589957451, 0.0306347599], [0.0535039163935527, 0.9954920749671547, 0.07831257630892048, -0.0466092401], [0.29676306937628266, 0.05902978555889109, -0.9531249472504845, 0.1755427599], [0.0, 0.0, 0.0, 1.0]], [[0.9319419267328866, 0.21729885930527215, -0.29028512008372487, 0.0306347599], [-0.2827020292690203, -0.06591671706992669, -0.9569402014012687, 0.1683907599], [-0.2270766563180218, 0.9738768875763251, 2.761733897860448e-07, 0.0255427599], [0.0, 0.0, 0.0, 1.0]], [[-0.9372347333502358, -0.023852894208960362, -0.3478822991182058, 0.0356347599], [0.30023036004076586, 0.4522110227433108, -0.8398612515286326, 0.1483907599], [0.17734933186145574, -0.8915919640437016, -0.4166665143024938, 0.0705427599], [0.0, 0.0, 0.0, 1.0]], [[0.9818923714387373, 0.16211117088372923, -0.09801703517817263, 0.0106347599], [-0.09670806950426108, -0.015965227202580458, -0.9951847370278191, 0.1783907599], [-0.1628954272015387, 0.9866433397104937, 1.3235827408602466e-06, 0.0255427599], [0.0, 0.0, 0.0, 1.0]], [[0.993595095400756, -0.06503003092850483, -0.09241147911921127, 0.0106347599], [-0.06503015732216354, 0.33973830891237067, -0.9382691298854597, 0.1733907599], [0.09241139017576444, 0.9382691386456237, 0.3333334043131326, -0.0244572401], [0.0, 0.0, 0.0, 1.0]], [[0.9768199925342035, 0.14392124348109725, -0.15845938867840337, 0.0106347599], [-0.0403663493070406, -0.6031230824902774, -0.7966260761555873, 0.1533907599], [-0.21022193041902304, 0.7845567047972252, -0.5833331097482969, 0.0855427599], [0.0, 0.0, 0.0, 1.0]], [[0.9978589229294846, 0.06540313394628106, 1.16476983842706e-07, -0.0043652401], [-0.03815175204034772, 0.5820846572357474, -0.8122326610196084, 0.1433907599], [-0.053122629323674966, 0.8104936038493746, 0.5833336132720214, -0.0194572401], [0.0, 0.0, 0.0, 1.0]], [[0.9564282287595366, 0.03130921733884251, -0.2902839577750115, 0.0306347599], [0.2901284889091512, 0.009499266687963644, 0.95694055398216, -0.1566092401], [0.03271854451512218, -0.999464605097159, 1.6708974369637752e-06, 0.0355427599], [0.0, 0.0, 0.0, 1.0]], [[-0.9754194069025435, 0.20597118612528503, -0.07831252214067833, 0.0006347599], [0.1750643139308723, 0.9401767433935628, 0.2922673043119735, -0.0816092401], [0.13382625536793602, 0.27137347266823614, -0.953124845813065, 0.1855427599], [0.0, 0.0, 0.0, 1.0]], [[0.9925367270847062, -0.09763933090102254, 0.07305755572957509, -0.0043652401], [-0.011366234505603798, -0.670560908343457, -0.7417674008169691, 0.1383907599], [0.12141521363133603, 0.7354009989541753, -0.6666661208101539, 0.1105427599], [0.0, 0.0, 0.0, 1.0]], [[0.9950900048990754, 0.06783151677234063, -0.07207473539543326, 0.0056347599], [0.06263433752223417, -0.9954306467493417, -0.07207473395953225, -0.0216092401], [-0.07663433899440182, 0.06720649406530722, -0.9947916692666561, 0.1905427599], [0.0, 0.0, 0.0, 1.0]], [[-0.9972049375916117, 0.0004266854366919044, -0.07471365593014295, 0.0056347599], [0.04936199780173721, -0.7469003356079191, -0.6631012606244984, 0.1383907599], [-0.05608659033967889, -0.6649358665377554, 0.744791640511461, -0.0444572401], [0.0, 0.0, 0.0, 1.0]], [[0.9684047100381459, -0.17532784651714714, 0.17734842489177727, -0.0243652401], [-0.08267379003779288, 0.4452278488142255, 0.891592511790585, -0.1616092401], [-0.2352814527682146, -0.8780844542957797, 0.4166657282611105, -0.0394572401], [0.0, 0.0, 0.0, 1.0]], [[-0.9807852619939388, -0.016257910063089853, 0.194411805752281, -0.0293652401], [0.1950904145655718, -0.08173225703041298, 0.977373811960065, -0.1516092401], [-3.3985537394032317e-07, 0.9965217100099202, 0.08333355553910671, 0.0205427599], [0.0, 0.0, 0.0, 1.0]], [[0.9807852840117256, 0.19509030387492443, 1.6841891718744062e-07, -0.0093652401], [0.01625751107441649, -0.08173117508466499, -0.9965218052571377, 0.1783907599], [-0.19441172804052725, 0.9773739245310719, -0.08333241654378308, 0.0355427599], [0.0, 0.0, 0.0, 1.0]], [[0.9954306662868321, 0.06263409569788929, -0.07207467427509615, 0.0106347599], [-0.06783126759667783, 0.9950900249268788, -0.0720746933899248, 0.0533907599], [0.0672064561778215, 0.0766342765812494, 0.9947916766343027, -0.1944572401], [0.0, 0.0, 0.0, 1.0]], [[0.9872487543845855, 0.015189121981555857, -0.1584587881422605, 0.0206347599], [0.11874400592165121, 0.5926946517436934, 0.7966259541667601, -0.1616092401], [0.10601772504521702, -0.805284012239068, 0.5833334394738445, -0.0544572401], [0.0, 0.0, 0.0, 1.0]], [[-0.993363537468726, 0.08526980545932553, 0.07718771083889049, -0.0143652401], [0.03702013288448452, 0.8724245717282604, -0.4873447203017352, 0.0883907599], [-0.10889624506306221, -0.48125297601333356, -0.8697914582757614, 0.1705427599], [0.0, 0.0, 0.0, 1.0]], [[-0.9796328678118188, -0.0715902191110777, -0.18760139879654292, 0.0206347599], [0.05785382504534815, -0.995296206157611, 0.07770712281308823, -0.0366092401], [-0.1922820304407406, 0.06527099306655304, 0.9791666447718141, -0.1794572401], [0.0, 0.0, 0.0, 1.0]], [[0.9962582605184768, 0.04098197233177871, -0.07609176231693013, 0.0056347599], [-0.07756143678334194, 0.8123607963319296, -0.5779741863673991, 0.1333907599], [0.03812744251589022, 0.5817133439476445, 0.8124997745233207, -0.0844572401], [0.0, 0.0, 0.0, 1.0]], [[-0.9939591597681348, -0.07689162944487582, -0.07831261733804067, 0.0106347599], [0.0508492776256616, -0.9549840338780824, 0.2922667377634564, -0.0716092401], [-0.09726016490820315, 0.2865190610749248, 0.9531250117181758, -0.1844572401], [0.0, 0.0, 0.0, 1.0]], [[0.9935828918075844, -0.06521635141346013, 0.09241138791076585, -0.0143652401], [0.10881845676751117, 0.328344503090273, -0.9382688478027708, 0.1683907599], [0.030847699655164953, 0.9423039397130406, 0.33333422360637827, -0.0244572401], [0.0, 0.0, 0.0, 1.0]], [[0.9807852839915632, -0.016257713150220565, 0.19441171124372614, -0.0293652401], [0.19509030397635765, 0.08173322678008643, -0.9773737529392363, 0.1583907599], [-3.436794751565664e-08, 0.9965216336855112, 0.08333446823949085, 0.0205427599], [0.0, 0.0, 0.0, 1.0]], [[0.9954306467493421, 0.06263433752223417, 0.07207473395953225, -0.0043652401], [0.06783151677234063, -0.995090004899075, -0.07207473539543326, -0.0416092401], [0.06720649406530722, 0.07663433899440182, -0.9947916692666561, 0.1705427599], [0.0, 0.0, 0.0, 1.0]], [[0.9962582729996351, -0.040981782207574625, 0.07609170130096735, -0.0193652401], [0.07756124642833825, 0.8123608100255046, -0.5779741926653721, 0.1333907599], [-0.038127503619661524, 0.5817133382189177, 0.812499775757468, -0.0694572401], [0.0, 0.0, 0.0, 1.0]], [[0.9925367270847062, -0.09763933090102254, 0.07305755572957509, -0.0143652401], [-0.011366234505603798, -0.670560908343457, -0.7417674008169691, 0.1383907599], [0.12141521363133603, 0.7354009989541753, -0.6666661208101539, 0.0855427599], [0.0, 0.0, 0.0, 1.0]], [[0.9936511744618248, 0.08110670845527564, -0.0779682328527914, 0.0106347599], [0.044249331896603614, -0.918911640507857, -0.39197371540176434, -0.0066092401], [-0.10343761461547922, 0.38603510045423334, -0.9166665484787528, 0.1705427599], [0.0, 0.0, 0.0, 1.0]], [[0.9792312665326353, 0.17822907861315912, 0.09664637697086909, -0.0143652401], [-0.1237263133058568, 0.14768016668720366, 0.9812656968237402, -0.1616092401], [0.16061732795882255, -0.9728437510227138, 0.16666466348756703, 0.0055427599], [0.0, 0.0, 0.0, 1.0]], [[0.9599206152501294, 0.06041254400862939, -0.2736836439106627, 0.0306347599], [0.23444733996610723, 0.3620064113556597, 0.9022116175932415, -0.1616092401], [0.15358013283178767, -0.9302159333530051, 0.33333385686960776, -0.0244572401], [0.0, 0.0, 0.0, 1.0]], [[0.9787392209620731, -0.19202807761899207, 0.07207464711331218, -0.0093652401], [0.19713632299712788, 0.9777231234978935, -0.0720747107708037, 0.0433907599], [-0.05662868094637372, 0.08475087718411707, 0.9947916773429483, -0.1944572401], [0.0, 0.0, 0.0, 1.0]], [[-0.9872487661790084, 0.015188877355645572, 0.1584587381077553, -0.0243652401], [0.11874413653845019, -0.5926944390403134, 0.7966260929497773, -0.1516092401], [0.10601746891793314, 0.8052841734042488, 0.5833332635371232, -0.0644572401], [0.0, 0.0, 0.0, 1.0]], [[-0.9898756436647409, -0.11375713980852284, -0.08488535340032927, 0.0056347599], [0.015652270832094216, 0.5069136123815274, -0.8618547418214448, 0.1433907599], [0.14107167149046396, -0.8544576658471119, -0.500000880777216, 0.0555427599], [0.0, 0.0, 0.0, 1.0]], [[0.9959951195534386, 0.04511955113029004, 0.07718774469780036, -0.0093652401], [0.07717077059651861, -0.8697929286227795, -0.4873447788612782, 0.0233907599], [0.04514857684657586, 0.4913496590246194, -0.8697914224600741, 0.1705427599], [0.0, 0.0, 0.0, 1.0]], [[0.9239872637739173, 0.028601713229683412, -0.38135217107539365, 0.0356347599], [-0.3768285373971798, -0.10185452693807917, -0.9206660136799459, 0.1483907599], [-0.06517507028528319, 0.994388051689353, -0.08333434388510737, 0.0355427599], [0.0, 0.0, 0.0, 1.0]], [[0.9950900118281792, 0.06783146722968827, -0.0720746863556252, 0.0106347599], [-0.06263429530188336, 0.9954306531890879, 0.07207468170989265, -0.0166092401], [0.07663428352787341, -0.06720644868622047, 0.994791676605286, -0.1894572401], [0.0, 0.0, 0.0, 1.0]], [[0.9807853131352167, -0.19509015746117372, 1.717724537469989e-07, -0.0043652401], [0.016257569249235826, 0.08173326901470508, 0.996521632569146, -0.1766092401], [-0.19441157625090477, -0.9773737786527447, 0.08333448158892177, 0.0205427599], [0.0, 0.0, 0.0, 1.0]], [[0.9378525588210886, 0.10004764301264718, -0.332299634427049, 0.0356347599], [0.025308402858267104, -0.9747103403527617, -0.22203431526267847, 0.0533907599], [-0.34610989968144534, 0.19982547769745668, -0.916666632863596, 0.1705427599], [0.0, 0.0, 0.0, 1.0]], [[0.9807853131149237, -0.016257361498763737, 0.19441159372619626, -0.0193652401], [-0.19509015756326542, -0.08173115940665884, 0.9773739550468816, -0.1666092401], [-3.674933532482605e-08, -0.9965218089831964, -0.08333237198626242, 0.0355427599], [0.0, 0.0, 0.0, 1.0]], [[-0.9962582869611518, 0.04098158882929559, -0.076091622654911, 0.0106347599], [0.07756103836502981, 0.8123608976162855, -0.5779740974747928, 0.0633907599], [0.038127562064328005, -0.58171322952215, -0.812499850836873, 0.1655427599], [0.0, 0.0, 0.0, 1.0]], [[-0.9962582869611518, 0.04098158882929559, -0.076091622654911, 0.0106347599], [0.07756103836502981, 0.8123608976162855, -0.5779740974747928, 0.0383907599], [0.038127562064328005, -0.58171322952215, -0.812499850836873, 0.1655427599], [0.0, 0.0, 0.0, 1.0]], [[0.9972049482863946, 0.00042684386878870384, -0.07471351228151821, 0.0006347599], [0.049361742097405105, 0.7469008356806455, 0.6631007163897975, -0.1416092401], [0.0560866252348825, -0.6649353047205908, 0.744792139463016, -0.0644572401], [0.0, 0.0, 0.0, 1.0]], [[0.9768199925342035, 0.14392124348109725, 0.15845938867840337, -0.0243652401], [-0.0403663493070406, -0.6031230824902774, 0.7966260761555873, -0.1466092401], [0.21022193041902304, -0.7845567047972252, -0.5833331097482969, 0.0855427599], [0.0, 0.0, 0.0, 1.0]], [[0.9941173783602381, -0.04888895029461643, 0.09664630660950141, -0.0193652401], [0.10339164811289203, 0.16256730772303274, -0.9812655285702155, 0.1733907599], [0.03226151178520842, 0.9854855356618762, 0.16666569490617303, 0.0005427599], [0.0, 0.0, 0.0, 1.0]], [[0.9871901764734855, 0.13006026931264517, -0.09241148099977009, 0.0106347599], [0.13006026561760278, -0.3205235136991935, 0.9382691535339961, -0.1716092401], [0.09241148620018658, -0.9382691530217996, -0.33333333722570807, 0.0705427599], [0.0, 0.0, 0.0, 1.0]], [[0.9830046962202487, 0.04742590781705776, 0.1773486692272162, -0.0193652401], [0.14008032391008096, 0.4306294097328832, -0.8915917307413496, 0.1483907599], [-0.11865609997881865, 0.9012819174602563, 0.41666729556923476, 0.0005427599], [0.0, 0.0, 0.0, 1.0]], [[-0.9754194069025435, 0.20597118612528503, -0.07831252214067833, 0.0056347599], [0.1750643139308723, 0.9401767433935628, 0.2922673043119735, -0.1016092401], [0.13382625536793602, 0.27137347266823614, -0.953124845813065, 0.1755427599], [0.0, 0.0, 0.0, 1.0]], [[0.9950900249268788, -0.06783126759667783, -0.0720746933899248, 0.0056347599], [0.06263409569788929, 0.9954306662868321, -0.07207467427509615, 0.0183907599], [0.0766342765812494, 0.0672064561778215, 0.9947916766343027, -0.1944572401], [0.0, 0.0, 0.0, 1.0]], [[0.9534510933951098, 0.07423639506289995, -0.29226695015299736, 0.0306347599], [0.05350411358402252, -0.995492062062975, -0.07831260562127838, 0.0083907599], [-0.29676307440997035, 0.059029755358386074, -0.9531249475536098, 0.1705427599], [0.0, 0.0, 0.0, 1.0]], [[0.9599206152501294, 0.06041254400862939, 0.2736836439106627, -0.0343652401], [0.23444733996610723, 0.3620064113556597, -0.9022116175932415, 0.1533907599], [-0.15358013283178767, 0.9302159333530051, 0.33333385686960776, -0.0194572401], [0.0, 0.0, 0.0, 1.0]], [[0.9872145775349612, 0.1298751023781914, -0.09241123137758991, 0.0056347599], [-0.042671093469730415, -0.34326177110756256, -0.9382699687606959, 0.1733907599], [-0.15357915120408006, 0.9302170791155977, -0.3333311117148843, 0.0655427599], [0.0, 0.0, 0.0, 1.0]], [[0.9807852455538708, 0.04877252415717406, 0.18889558753758962, -0.0293652401], [-0.19509049721550462, 0.24519480920096645, 0.9496416184209225, -0.1616092401], [2.012299085696334e-07, -0.968246222005663, 0.2499985071389827, -0.0144572401], [0.0, 0.0, 0.0, 1.0]], [[0.9754193473283327, 0.2059714052605539, -0.07831268781342099, 0.0056347599], [0.17506447668579833, -0.9401767064530213, -0.2922673256556013, 0.0033907599], [-0.13382647667893394, 0.271373434326469, -0.9531248256558847, 0.1905427599], [0.0, 0.0, 0.0, 1.0]], [[-0.9766066523324323, 0.19416376524389628, -0.09241146512393657, 0.0106347599], [0.020129279621514812, -0.3453191352792251, -0.9382694212815031, 0.1633907599], [-0.21408937087571228, -0.9181803347253311, 0.33333258796841403, 0.0005427599], [0.0, 0.0, 0.0, 1.0]], [[0.9534510933951098, 0.07423639506289995, -0.29226695015299736, 0.0306347599], [0.05350411358402252, -0.995492062062975, -0.07831260562127838, -0.0116092401], [-0.29676307440997035, 0.059029755358386074, -0.9531249475536098, 0.1855427599], [0.0, 0.0, 0.0, 1.0]], [[0.9957209103387787, 9.321934905364565e-05, 0.09241136306897912, -0.0193652401], [0.08711077392382058, -0.3347551979097632, -0.9382700413733716, 0.1633907599], [0.03084771921077371, 0.9423051250961911, -0.33333087081298823, 0.0755427599], [0.0, 0.0, 0.0, 1.0]], [[0.9758868397109512, 0.028830303846022635, -0.21636471445020364, 0.0206347599], [-0.1378358712228603, -0.6872108257767218, -0.713261910899153, 0.1483907599], [-0.16925173169928634, 0.7258857310316978, -0.6666661509341618, 0.1255427599], [0.0, 0.0, 0.0, 1.0]], [[0.9978589203326121, 0.06540317356698543, 1.944165131662068e-08, -0.0043652401], [-0.016350688748487992, 0.24946342135607422, -0.9682461755064009, 0.1483907599], [-0.06332637752219582, 0.9661730829891138, 0.24999868723100885, 0.0255427599], [0.0, 0.0, 0.0, 1.0]], [[0.9378525588210886, 0.10004764301264718, -0.332299634427049, 0.0356347599], [0.025308402858267104, -0.9747103403527617, -0.22203431526267847, 0.0783907599], [-0.34610989968144534, 0.19982547769745668, -0.916666632863596, 0.1705427599], [0.0, 0.0, 0.0, 1.0]], [[-0.9520398422794595, 0.10814661048791262, -0.2862244737133409, 0.0256347599], [0.26042726779718084, -0.20464524814307572, -0.9435560187928194, 0.1483907599], [-0.16061686368560035, -0.9728435809792011, 0.16666610347448074, 0.0105427599], [0.0, 0.0, 0.0, 1.0]], [[0.9787606643612725, 0.07966265970845327, 0.1888952687264973, -0.0293652401], [-0.16141681742565936, -0.2685620005982927, 0.9496415444191634, -0.1716092401], [0.1263810624708141, -0.9599626620253611, -0.24999902912997563, 0.0555427599], [0.0, 0.0, 0.0, 1.0]], [[0.9807852828262962, -0.19509030983451164, -1.286058727567596e-07, -0.0093652401], [-0.08128773240796594, -0.4086616531491917, 0.9090588307724319, -0.1666092401], [-0.17734862150948116, -0.891591511990802, -0.41666778396540666, 0.0855427599], [0.0, 0.0, 0.0, 1.0]], [[0.9950900249268788, -0.06783126759667783, 0.0720746933899248, -0.0093652401], [0.06263409569788929, 0.9954306662868321, 0.07207467427509615, -0.0016092401], [-0.0766342765812494, -0.0672064561778215, 0.9947916766343027, -0.1844572401], [0.0, 0.0, 0.0, 1.0]], [[0.9855889780930391, -0.14631755170663432, -0.08488545413729762, 0.0056347599], [-0.14631759910673972, -0.4855874212884399, -0.8618561460464753, 0.1633907599], [0.08488537243340727, 0.8618561540936054, -0.49999844319539855, 0.1105427599], [0.0, 0.0, 0.0, 1.0]], [[0.9967899130486058, 0.03274827196658599, -0.07305764797579622, 0.0006347599], [0.07625697615300094, -0.666308461565895, 0.7417667474575084, -0.1566092401], [-0.0243873498468671, -0.7449567670200016, -0.6666668376622267, 0.1105427599], [0.0, 0.0, 0.0, 1.0]], [[0.993595095400759, 0.06503009771791887, -0.09241143211937966, 0.0056347599], [0.06503009053274963, 0.339738308912373, 0.9382691345145397, -0.1516092401], [0.09241143717559627, -0.9382691340165459, 0.3333334043131319, -0.0044572401], [0.0, 0.0, 0.0, 1.0]], [[0.9520398809679723, 0.10814647027092215, -0.28622439800693017, 0.0306347599], [0.26042711062070234, 0.2046458898886041, 0.9435559229878502, -0.1666092401], [0.16061688921231626, -0.9728434615700728, 0.16666677587364748, 0.0055427599], [0.0, 0.0, 0.0, 1.0]], [[0.9539145765381934, -0.12306459822205343, -0.27368245346094733, 0.0256347599], [0.21026864203610665, -0.3765623052487773, 0.9022127955432792, -0.1516092401], [-0.21408895077572473, -0.9181807746463503, -0.33333164600076315, 0.0605427599], [0.0, 0.0, 0.0, 1.0]], [[0.9805963793445164, 0.05689016403277664, -0.18760130610619177, 0.0156347599], [0.07255348516018655, -0.9943327493701857, 0.0777069837340127, -0.0566092401], [-0.1821173594348872, -0.0898103154779633, -0.9791666735679952, 0.1905427599], [0.0, 0.0, 0.0, 1.0]], [[0.9872487543845855, 0.015189121981555857, 0.1584587881422605, -0.0243652401], [0.11874400592165121, 0.5926946517436934, -0.7966259541667601, 0.1433907599], [-0.10601772504521702, 0.805284012239068, 0.5833334394738445, -0.0394572401], [0.0, 0.0, 0.0, 1.0]], [[-0.9796328806985465, 0.0715900207279412, -0.1876014072080493, 0.0206347599], [-0.05785362657279246, -0.9952962191463018, -0.07770710421481906, 0.0333907599], [-0.19228202450214443, -0.0652710125955605, 0.9791666446361962, -0.1794572401], [0.0, 0.0, 0.0, 1.0]], [[0.9807852840117256, 0.01625751107441649, 0.19441172804052725, -0.0293652401], [0.19509030387492443, -0.08173117508466499, -0.9773739245310719, 0.1583907599], [-1.6841891718744062e-07, 0.9965218052571377, -0.08333241654378308, 0.0505427599], [0.0, 0.0, 0.0, 1.0]], [[0.9978589099475387, -0.06540333201228858, -1.4729804542756852e-08, -0.0043652401], [-0.038151933078531736, -0.5820843854104129, 0.8122328473188907, -0.1466092401], [-0.053122743158473144, -0.8104937830872434, -0.5833333538691634, 0.0455427599], [0.0, 0.0, 0.0, 1.0]], [[0.964900315547929, -0.0759479940763928, -0.25139467625882445, 0.0256347599], [0.17405280085796904, -0.5318879915894029, 0.8287344489741497, -0.1516092401], [-0.19665452847316567, -0.8434020788442269, -0.49999992983222846, 0.0905427599], [0.0, 0.0, 0.0, 1.0]], [[-0.9939591597681348, -0.07689162944487582, -0.07831261733804067, 0.0106347599], [-0.0508492776256616, 0.954984033878083, -0.2922667377634564, 0.0783907599], [0.09726016490820315, -0.2865190610749248, -0.9531250117181752, 0.1855427599], [0.0, 0.0, 0.0, 1.0]], [[0.9696746768515089, 0.10213358447578011, -0.22203547463198392, 0.0206347599], [0.023222442697285184, -0.9428879370484082, -0.33229964839549414, 0.0433907599], [-0.24329352483798866, 0.317066348089365, -0.9166663469775583, 0.1855427599], [0.0, 0.0, 0.0, 1.0]], [[0.9796328806985465, 0.0715900207279412, 0.1876014072080493, -0.0243652401], [0.05785362657279246, -0.9952962191463018, 0.07770710421481906, -0.0616092401], [0.19228202450214443, -0.0652710125955605, -0.9791666446361962, 0.1755427599], [0.0, 0.0, 0.0, 1.0]], [[-0.9933634930519486, -0.0852702402270437, -0.07718780216623855, 0.0056347599], [-0.03702046849804243, 0.8724245492620387, -0.48734473502554015, 0.0983907599], [0.10889653614242084, -0.48125293970691835, -0.8697914419213565, 0.1755427599], [0.0, 0.0, 0.0, 1.0]], [[0.9818923714387373, 0.16211117088372923, -0.09801703517817263, 0.0056347599], [-0.09670806950426108, -0.015965227202580458, -0.9951847370278191, 0.1633907599], [-0.1628954272015387, 0.9866433397104937, 1.3235827408602466e-06, 0.0405427599], [0.0, 0.0, 0.0, 1.0]], [[-0.995296206157611, -0.05785382504534815, 0.07770712281308823, -0.0093652401], [0.0715902191110777, -0.9796328678118188, 0.18760139879654292, -0.0416092401], [0.06527099306655304, 0.1922820304407406, 0.9791666447718141, -0.1894572401], [0.0, 0.0, 0.0, 1.0]], [[0.9978589203326121, 0.06540317356698543, -1.944165131662068e-08, 0.0006347599], [-0.016350688748487992, 0.24946342135607422, 0.9682461755064009, -0.1516092401], [0.06332637752219582, -0.9661730829891138, 0.24999868723100885, 0.0205427599], [0.0, 0.0, 0.0, 1.0]], [[0.9515110075748726, 0.21866227866048457, -0.21636453118488533, 0.0206347599], [0.001118738365088412, 0.7008976720159952, 0.713260963313589, -0.1466092401], [0.30761266373204, -0.6789177131682184, 0.666667224226687, -0.0794572401], [0.0, 0.0, 0.0, 1.0]], [[0.995186403926752, -0.016233997945232018, -0.09664615227754204, 0.0056347599], [0.09253766216788267, -0.16898359707678803, 0.9812651654876434, -0.1766092401], [-0.03226147113574425, -0.985485160329522, -0.1666679220799659, 0.0455427599], [0.0, 0.0, 0.0, 1.0]], [[0.9713009765985428, -0.0987946717631907, -0.21636549098671126, 0.0256347599], [-0.22635589732337566, -0.663340904226937, -0.7132614194853937, 0.1383907599], [-0.07305765261522333, 0.7417671181783354, -0.6666664246711097, 0.1055427599], [0.0, 0.0, 0.0, 1.0]], [[0.9978589215798961, 0.06540315453703782, 1.0596803329959714e-07, 0.0006347599], [0.038151755444612113, -0.5820843946219596, 0.8122328490612039, -0.1466092401], [0.053122652229546964, -0.8104937907931129, -0.5833333514431585, 0.0755427599], [0.0, 0.0, 0.0, 1.0]], [[0.9978589229294846, 0.06540313394628106, -1.16476983842706e-07, 0.0006347599], [-0.03815175204034772, 0.5820846572357474, 0.8122326610196084, -0.1466092401], [0.053122629323674966, -0.8104936038493746, 0.5833336132720214, -0.0394572401], [0.0, 0.0, 0.0, 1.0]], [[0.9796328806985465, 0.0715900207279412, -0.1876014072080493, 0.0206347599], [0.05785362657279246, -0.9952962191463018, -0.07770710421481906, -0.0266092401], [-0.19228202450214443, 0.0652710125955605, -0.9791666446361962, 0.1705427599], [0.0, 0.0, 0.0, 1.0]], [[0.995492062062975, 0.05350411358402252, 0.07831260562127838, -0.0143652401], [0.07423639506289995, -0.9534510933951098, -0.29226695015299736, -0.0166092401], [0.059029755358386074, 0.29676307440997035, -0.9531249475536098, 0.1755427599], [0.0, 0.0, 0.0, 1.0]]], "004_sugar_box": [[[0.979632901187957, 0.07159015543046024, 0.18760124881116588, -0.0317812401], [-0.05785378387266507, 0.9952962138658492, -0.07770705473713854, 0.0035847599], [-0.1922818727849336, 0.06527094537195116, 0.9791666789104756, -0.1903232401], [0.0, 0.0, 0.0, 1.0]], [[0.9978589229294846, 0.06540313394628106, -1.16476983842706e-07, -0.0067812401], [-0.03815175204034772, 0.5820846572357474, 0.8122326610196084, -0.1264152401], [0.053122629323674966, -0.8104936038493746, 0.5833336132720214, -0.1553232401], [0.0, 0.0, 0.0, 1.0]], [[0.993363505664427, 0.08527004749002219, 0.07718785276926182, -0.0017812401], [0.037020275455733276, -0.8724245611093084, 0.48734472848119736, -0.0964152401], [0.10889648671679686, -0.4812529523798059, -0.8697914410974958, 0.0846767599], [0.0, 0.0, 0.0, 1.0]], [[-0.8424959412421272, 0.011213364063262267, 0.5385859722058555, -0.0667812401], [0.1297563849277691, -0.9661234305220407, 0.22308921436680862, -0.0314152401], [0.5228421076778518, 0.25783672636517085, 0.812500063370012, -0.1603232401], [0.0, 0.0, 0.0, 1.0]], [[-0.9667869263698147, -0.12471595917184503, -0.22308959753483232, 0.0432187599], [0.22888535914924557, -0.8108864337340113, -0.5385858185593619, 0.0885847599], [-0.1137300811901919, -0.571759670765597, 0.8125000600113754, -0.1753232401], [0.0, 0.0, 0.0, 1.0]], [[0.9922687662869606, -0.0971840083080166, 0.0771878486585856, -0.0217812401], [0.12258645854084058, 0.8645618866250181, -0.48734515938686035, 0.0935847599], [-0.01937151604206885, 0.4930395650701644, 0.8697912000254171, -0.0503232401], [0.0, 0.0, 0.0, 1.0]], [[0.9978589099779405, -0.06540333154842384, 5.8812285916309825e-08, -0.0067812401], [-0.01635088940583166, -0.24946471913043042, 0.9682458377523826, -0.1464152401], [-0.06332648887531012, -0.9661727372119036, -0.24999999535036557, 0.1046767599], [0.0, 0.0, 0.0, 1.0]], [[0.9441588962951107, 0.1558810481039251, -0.2902844766583635, 0.0432187599], [0.28640726081648016, 0.04728592116499755, 0.9569403965823462, -0.1414152401], [0.16289524087093177, -0.9866433704746609, -4.0863205451324713e-08, -0.0353232401], [0.0, 0.0, 0.0, 1.0]], [[-0.769136844775154, -0.13096883095434375, 0.625520326870177, -0.0717812401], [-0.6382692496655863, 0.10800861901531544, -0.7621984670344949, 0.0985847599], [0.032262655511444194, -0.9854853137093708, -0.16666678590076933, -0.0053232401], [0.0, 0.0, 0.0, 1.0]], [[0.989875643664741, 0.11375713980852284, -0.08488535340032927, 0.0082187599], [-0.015652270832094216, -0.5069136123815273, -0.8618547418214448, 0.0635847599], [-0.14107167149046396, 0.8544576658471119, -0.500000880777216, 0.1346767599], [0.0, 0.0, 0.0, 1.0]], [[-0.9623705514595557, 0.1675304796682923, 0.21395434107664899, -0.0417812401], [0.2135050027563202, 0.9532255101967269, 0.21395499645536073, -0.0514152401], [-0.16810275274799888, 0.2515843101075693, -0.9531247554366868, 0.1796767599], [0.0, 0.0, 0.0, 1.0]], [[-0.8153030977640164, 0.05753801861540919, 0.5761685822658266, -0.0667812401], [0.27508169624129036, -0.837104878461517, 0.47284826620063275, -0.0864152401], [0.5095202833738949, 0.5440080871363429, 0.6666665448039546, -0.1503232401], [0.0, 0.0, 0.0, 1.0]], [[-0.9661234427700255, 0.1297561954437031, 0.22308927153534053, -0.0167812401], [-0.011213554425500677, 0.8424959527199734, -0.5385859502879841, 0.0935847599], [-0.2578366721925718, -0.5228421362078998, -0.8125000622019795, 0.0346767599], [0.0, 0.0, 0.0, 1.0]], [[0.9198152972670119, -0.09224658073238129, -0.3813533627185982, 0.0532187599], [0.3869003634514465, 0.051794844985315024, 0.9206657389053238, -0.1314152401], [-0.06517612810482903, -0.9943881849540105, 0.08333192634957787, 0.0396767599], [0.0, 0.0, 0.0, 1.0]], [[-0.9807852379959004, -0.19509053521203168, -8.786784391756619e-08, -0.0067812401], [0.016257493881510612, -0.08173229701112272, 0.9965217135205726, -0.1514152401], [-0.19441196162278013, 0.9773737845348465, 0.0833335135585559, 0.0296767599], [0.0, 0.0, 0.0, 1.0]], [[0.9978589229294846, 0.06540313394628106, 1.16476983842706e-07, -0.0117812401], [-0.03815175204034772, 0.5820846572357474, -0.8122326610196084, 0.0985847599], [-0.053122629323674966, 0.8104936038493746, 0.5833336132720214, -0.1303232401], [0.0, 0.0, 0.0, 1.0]], [[-0.7445319096371028, 0.07725454941512516, -0.6631017796136541, 0.0782187599], [0.03685983236625716, 0.9965235796451958, 0.07471350593471417, -0.0014152401], [0.6665685173259089, 0.031184768810929662, -0.7447911934926114, 0.1346767599], [0.0, 0.0, 0.0, 1.0]], [[-0.8016157388022519, 0.5215289181553332, -0.29226665022244264, 0.0232187599], [0.5635697720121818, 0.8223480212391566, -0.07831247689979488, 0.0085847599], [0.1995026801290079, -0.22748916346008946, -0.9531250501007575, 0.1496767599], [0.0, 0.0, 0.0, 1.0]], [[0.694755502658092, -0.09259451947534271, -0.7132608544490805, 0.0832187599], [-0.0925950650071063, 0.9719117113498469, -0.21636492155000933, -0.0114152401], [0.7132607836287032, 0.2163651550137922, 0.6666672140080282, -0.1353232401], [0.0, 0.0, 0.0, 1.0]], [[0.6469064715515634, -0.023773567955168773, 0.7621986844198745, -0.0867812401], [-0.7454621350908393, -0.23024061758090386, 0.6255201540812032, -0.0864152401], [0.1606182499298069, -0.9728432944121297, -0.1666664402537028, -0.0303232401], [0.0, 0.0, 0.0, 1.0]], [[0.9198152972670119, 0.09224658073238129, 0.3813533627185982, -0.0517812401], [-0.3869003634514465, 0.051794844985315024, 0.9206657389053238, -0.1364152401], [0.06517612810482903, -0.9943881849540105, 0.08333192634957787, -0.0153232401], [0.0, 0.0, 0.0, 1.0]], [[-0.7017394163995544, 0.1050471092602982, -0.7046466464173855, 0.0832187599], [0.7094462114209092, 0.012553196856915139, -0.7046477775095797, 0.0835847599], [-0.06517564400703257, -0.9943880138480786, -0.08333434672175732, -0.0703232401], [0.0, 0.0, 0.0, 1.0]], [[0.7017395187572111, 0.10504694409709625, 0.7046465691041568, -0.0767812401], [0.7094460971086556, -0.012552849304475172, -0.7046478987917547, 0.0835847599], [-0.06517578623763376, 0.9943880356833547, -0.08333397493283023, 0.0546767599], [0.0, 0.0, 0.0, 1.0]], [[-0.8973944976302094, 0.4343324943665451, -0.0777071422737905, 0.0032187599], [0.4410291860306663, 0.8776667149963941, -0.18760169097469842, 0.0385847599], [-0.013280538097227394, -0.20262384293259628, -0.9791665872480916, 0.1846767599], [0.0, 0.0, 0.0, 1.0]], [[0.9747946784175912, -0.0025419851077265535, -0.22308938397076883, 0.0382187599], [0.1210850396887202, -0.833825207761435, 0.5385851242516646, -0.0964152401], [-0.1873866273038876, -0.5520226999076325, -0.8125005788886319, 0.0646767599], [0.0, 0.0, 0.0, 1.0]], [[-0.9836110952687266, 0.16294558615750354, -0.07718775301848659, 0.0132187599], [-0.10535580992178589, -0.866830487803179, -0.4873449073609229, 0.0935847599], [-0.1463193991922459, -0.47122567986760827, 0.869791349723214, -0.0903232401], [0.0, 0.0, 0.0, 1.0]], [[-0.684187623735695, 0.027116770020763403, 0.7288017400572967, -0.0867812401], [-0.6168347867469407, 0.5116417877996209, -0.598111634091884, 0.0835847599], [-0.38910428086280235, -0.8587708435670418, -0.3333324119454817, 0.0996767599], [0.0, 0.0, 0.0, 1.0]], [[0.9084196949836304, -0.09006575138880137, -0.4082423522769514, 0.0632187599], [-0.28585509984475893, 0.5787470358668596, -0.7637661490064004, 0.1135847599], [0.3050582233911926, 0.8105183704902034, 0.49999945143901375, -0.1353232401], [0.0, 0.0, 0.0, 1.0]], [[0.8709169614879446, 0.3228163825152469, 0.37053101000101973, -0.0417812401], [0.24106248942447153, 0.3764071130572651, -0.8945426548982288, 0.1235847599], [-0.4282435316325076, 0.8683934986051342, 0.2500004183901547, -0.1053232401], [0.0, 0.0, 0.0, 1.0]], [[0.8797769542138639, -0.0490501815259919, -0.47284943748136593, 0.0582187599], [-0.26659334987241023, 0.772631351040706, -0.5761673204832257, 0.0485847599], [0.3935994113791122, 0.6329572458557376, 0.6666668045438711, -0.1453232401], [0.0, 0.0, 0.0, 1.0]], [[0.8628315891490604, 0.41243413090105, 0.2922665503173474, -0.0267812401], [0.4514092388342233, -0.8888738947970334, -0.07831282298231695, -0.0014152401], [0.22748922581435405, 0.1995025985200396, -0.9531250523001366, 0.1496767599], [0.0, 0.0, 0.0, 1.0]], [[0.9930843609850325, 0.0894064852681344, 0.07609160504910172, -0.0067812401], [-0.02913654161501637, 0.8155343940818011, -0.5779746655454251, 0.0985847599], [-0.11373000443887284, 0.5717605551816499, 0.8124994483867085, -0.1753232401], [0.0, 0.0, 0.0, 1.0]], [[-0.8724421487579743, 0.12352799953706542, 0.4728483164831392, -0.0517812401], [0.4122027611850372, 0.7057758285043229, 0.5761678258723475, -0.0964152401], [-0.26255205339513044, 0.6975824777253277, -0.6666671628545934, 0.0346767599], [0.0, 0.0, 0.0, 1.0]], [[-0.7632095422116361, -0.144218476023942, 0.6298509552667493, -0.0717812401], [0.0024318669889746153, -0.9754077478177118, -0.22039467216819714, 0.0235847599], [0.646146485481468, -0.166675603105286, 0.7447912208326816, -0.1453232401], [0.0, 0.0, 0.0, 1.0]], [[0.9747946613306233, -0.0025420358953171032, 0.22308945805398883, -0.0317812401], [-0.12108544302681995, 0.8338240184756301, 0.5385868747937985, -0.1014152401], [-0.18738645556259997, -0.55202449607482, 0.8124993981567167, -0.1203232401], [0.0, 0.0, 0.0, 1.0]], [[0.8371051419664233, 0.27508135728115446, 0.47284799689723994, -0.0567812401], [0.05753781952707665, 0.8153033965289094, -0.5761681793821085, 0.0835847599], [-0.544007702718853, 0.5095199883074086, 0.6666670840065334, -0.1453232401], [0.0, 0.0, 0.0, 1.0]], [[0.6439670872184939, -0.06603287793310819, -0.7621981695144641, 0.0782187599], [0.7589242194061424, 0.18099071554733429, 0.6255208950022704, -0.0764152401], [0.09664584718499769, -0.9812655195804727, 0.1666660142451331, 0.0396767599], [0.0, 0.0, 0.0, 1.0]], [[-0.9287955390645988, 0.10628793083459241, -0.3550235518562168, 0.0482187599], [0.12260177790701583, -0.8159194206420237, -0.5650170821074568, 0.0935847599], [-0.34972510728819817, -0.5683118640131374, 0.7447912288381031, -0.0353232401], [0.0, 0.0, 0.0, 1.0]], [[-0.9747946805612968, 0.0025420090506119014, 0.22308937433097345, -0.0217812401], [0.12108537553806786, -0.8338241453305666, 0.5385866935736109, -0.1014152401], [0.1873863991334581, 0.5520243045860719, 0.8124995412712921, -0.0703232401], [0.0, 0.0, 0.0, 1.0]], [[0.8622281625258595, 0.3822820681606642, 0.33229958788732367, -0.0467812401], [0.46543722548597716, -0.8567780009728871, -0.22203523634959002, 0.0435847599], [0.19982688727795234, 0.34610963207011153, -0.9166664266291723, 0.1746767599], [0.0, 0.0, 0.0, 1.0]], [[-0.8930759905033235, -0.06993273758246799, 0.4444374954937173, -0.0617812401], [0.4403129363797126, -0.3387628139059319, 0.8314831772027678, -0.1214152401], [0.09241100174319888, 0.9382692407452968, 0.3333332246087424, -0.0903232401], [0.0, 0.0, 0.0, 1.0]], [[-0.8681601704594304, 0.2208486908229322, 0.44443646811400317, -0.0617812401], [-0.3080531377822038, 0.4623178706409793, -0.8314838848639997, 0.1235847599], [-0.3891030489862435, -0.8587712397651587, -0.3333328291990173, 0.1046767599], [0.0, 0.0, 0.0, 1.0]], [[-0.9332939609554014, -0.05404310394186062, -0.35502355606425146, 0.0382187599], [0.168157495055293, 0.8077616707069968, -0.5650169379703323, 0.0935847599], [0.31730968989444136, -0.5870267679186107, -0.7447913361782095, 0.0396767599], [0.0, 0.0, 0.0, 1.0]], [[0.9964648426166252, 0.03316440661608284, -0.0771876904877158, 0.0132187599], [0.008689603498507224, 0.8731669112394407, 0.4873438579766993, -0.0964152401], [0.08356020715665456, -0.4862917511642344, 0.869791943242497, -0.1103232401], [0.0, 0.0, 0.0, 1.0]], [[0.9935828918075844, 0.06521635141346013, -0.09241138791076585, 0.0132187599], [-0.10881845676751117, 0.328344503090273, -0.9382688478027708, 0.1385847599], [-0.030847699655164953, 0.9423039397130406, 0.33333422360637827, -0.1253232401], [0.0, 0.0, 0.0, 1.0]], [[0.8159194202223041, 0.12260177815581168, -0.5650170826595707, 0.0682187599], [0.10628793107817834, 0.9287955389206634, 0.35502355215984605, -0.0614152401], [0.5683118645701667, -0.3497251075832384, 0.7447912282745232, -0.1403232401], [0.0, 0.0, 0.0, 1.0]], [[0.9623705515614418, 0.16753070003628184, -0.21395416806568576, 0.0282187599], [0.2135051757894771, -0.9532254714496227, 0.21395499641454926, -0.0314152401], [-0.16810253239743542, -0.2515843101725516, -0.9531247942827692, 0.1796767599], [0.0, 0.0, 0.0, 1.0]], [[0.9126484436433469, 0.2918019198194835, 0.2862244886536449, -0.0417812401], [-0.21549822651716938, -0.2515219994450217, 0.9435556147695444, -0.1414152401], [0.34732309552249985, -0.9228154330010102, -0.1666683651201578, 0.0746767599], [0.0, 0.0, 0.0, 1.0]], [[0.6872108358555631, 0.13783568956983644, 0.7132619362923455, -0.0867812401], [-0.02883048649465525, -0.9758868515142474, 0.21636463687509075, -0.0514152401], [0.7258857142354985, -0.16925181157794458, -0.6666661489429347, 0.1296767599], [0.0, 0.0, 0.0, 1.0]], [[-0.9959951195486481, 0.04511930721659953, -0.07718788733712167, 0.0232187599], [0.07717062795682682, 0.8697929412775214, -0.4873447788625086, 0.0835847599], [0.04514882076004972, -0.4913496590210402, -0.869791409801157, 0.1746767599], [0.0, 0.0, 0.0, 1.0]], [[0.9978589203326121, 0.06540317356698543, -1.944165131662068e-08, -0.0067812401], [-0.016350688748487992, 0.24946342135607422, 0.9682461755064009, -0.1464152401], [0.06332637752219582, -0.9661730829891138, 0.24999868723100885, -0.0353232401], [0.0, 0.0, 0.0, 1.0]], [[0.9978589063895486, -0.0654033862964624, 9.878745307542736e-08, -0.0067812401], [-0.027251442947633698, -0.4157764054841728, -0.9090584906923936, 0.1435847599], [0.059455544706325844, 0.9071121086743449, -0.4166685259292543, 0.1146767599], [0.0, 0.0, 0.0, 1.0]], [[0.9978589229294846, 0.06540313394628106, -1.16476983842706e-07, 0.0182187599], [-0.03815175204034772, 0.5820846572357474, 0.8122326610196084, -0.0664152401], [0.0531226293236